hs1	153896590	153896640	-0.056642145
hs1	180127817	180127867	-0.031582671
hs1	214699233	214699283	-0.030991184
hs1	71472738	71472788	-0.028993053
hs1	31885025	31885075	-0.024570053
hs1	24971764	24971814	-0.023269211
hs1	64355752	64355802	-0.019900737
hs1	71354374	71354424	-0.016610763
hs1	150337389	150337439	-0.014804981
hs1	64599338	64599388	-0.013616197
hs1	85513892	85513942	-0.013331011
hs1	198125635	198125685	-0.013202115
hs1	36397261	36397311	-0.012380348
hs1	61542945	61542995	-0.01210468
hs1	23886409	23886459	-0.007941085
hs1	53018259	53018309	-0.0066198
hs1	227505845	227505895	-0.004206045
hs1	100316030	100316080	-0.003852639
hs1	100326491	100326541	0.008285711
hs1	229567139	229567189	0.010312547
hs1	153522973	153523023	0.016537526
hs1	85721327	85721377	0.017348263
hs1	209799330	209799380	0.019636211
hs1	85721250	85721300	0.020913487
hs1	115055124	115055174	0.0234335
hs1	243877447	243877497	0.025702
hs1	64276571	64276621	0.026468803
hs1	153522553	153522603	0.026755276
hs1	61542211	61542261	0.026993342
hs1	91488275	91488325	0.027285355
hs1	209815452	209815502	0.027454605
hs1	85725654	85725704	0.028722053
hs1	51888961	51889011	0.031044105
hs1	10106565	10106615	0.0336965
hs1	243877024	243877074	0.033772447
hs1	51888574	51888624	0.034643658
hs1	180123222	180123272	0.03875527
hs1	47488934	47488984	0.040937368
hs10	127888073	127888123	-0.033839461
hs10	49608557	49608607	-0.022007974
hs10	31609905	31609955	-0.020449054
hs10	99095018	99095068	-0.019284522
hs10	70627857	70627907	-0.016769908
hs10	31607925	31607975	-0.016531222
hs10	49608952	49609002	-0.015292118
hs10	45455109	45455159	-0.014287939
hs10	31610093	31610143	-0.012185232
hs10	31610091	31610141	-0.009958426
hs10	31609960	31610010	-0.008711323
hs10	38264940	38264990	-0.006064317
hs10	103892660	103892710	-0.002413261
hs10	6243955	6244005	-0.000631782
hs10	73746656	73746706	0.019576632
hs10	6233774	6233824	0.019785421
hs10	123532123	123532173	0.025310553
hs10	127407606	127407656	0.025322951
hs10	71104724	71104774	0.025527303
hs10	6233757	6233807	0.028293895
hs10	73723221	73723271	0.041705224
hs10	6253877	6253927	0.045152987
hs11	48034953	48035003	-0.038969421
hs11	10476608	10476658	-0.031310697
hs11	107328525	107328575	-0.022296138
hs11	107328914	107328964	-0.018412103
hs11	102979950	102980000	-0.015900085
hs11	62648238	62648288	-0.003090292
hs11	66082046	66082096	0.019189868
hs11	33334443	33334493	0.024306316
hs11	130320219	130320269	0.026356132
hs11	64880911	64880961	0.027331276
hs11	61716830	61716880	0.028777842
hs11	66084631	66084681	0.028865574
hs11	66084841	66084891	0.041206464
hs11	66084469	66084519	0.053615803
hs12	46273255	46273305	-0.018769026
hs12	4382372	4382422	-0.016762349
hs12	109490128	109490178	-0.016147402
hs12	51442062	51442112	-0.015606506
hs12	81544296	81544346	-0.015595211
hs12	46122355	46122405	-0.007954602
hs12	108956758	108956808	-0.004530657
hs12	7282593	7282643	-3.34891E-05
hs12	4405584	4405634	0.008498487
hs12	7282081	7282131	0.019264618
hs12	45608691	45608741	0.024388592
hs12	20755688	20755738	0.028354776
hs12	112032692	112032742	0.02954325
hs12	45697809	45697859	0.029576921
hs12	69869974	69870024	0.030846947
hs12	69909397	69909447	0.034652618
hs12	112081363	112081413	0.041857395
hs12	19388225	19388275	0.044101882
hs12	77159365	77159415	0.045493737
hs13	110802645	110802695	-0.042167079
hs13	111097777	111097827	-0.029425474
hs13	111032155	111032205	-0.016820711
hs13	37494042	37494092	-0.010166071
hs13	42846072	42846122	-0.008237855
hs13	20439201	20439251	-0.007853698
hs13	33113178	33113228	-0.002724452
hs13	110436111	110436161	0.030856974
hs13	110885926	110885976	0.041545526
hs13	110885846	110885896	0.041564483
hs13	37494802	37494852	0.041918158
hs13	110885404	110885454	0.042719895
hs13	110885345	110885395	0.047056561
hs14	55120781	55120831	-0.033144066
hs14	88852686	88852736	-0.029550342
hs14	60761524	60761574	-0.025622592
hs14	52455994	52456044	-0.018923802
hs14	58766462	58766512	-0.014723444
hs14	98445007	98445057	-0.00693902
hs14	88851550	88851600	-0.006712413
hs14	55143755	55143805	0.024649447
hs14	64663928	64663978	0.028294557
hs14	55139669	55139719	0.029311368
hs14	105953092	105953142	0.031438055
hs14	64341178	64341228	0.045884882
hs14	64679961	64680011	0.060517882
hs15	25951163	25951213	-0.029067329
hs15	42227210	42227260	-0.022500776
hs15	25978658	25978708	-0.022331237
hs15	102264062	102264112	-0.019185375
hs15	25926097	25926147	-0.015665724
hs15	75074018	75074068	-0.011917241
hs15	26108796	26108846	-0.008778759
hs15	75744460	75744510	-0.002946086
hs15	102194127	102194177	0.023344184
hs15	85360217	85360267	0.025525513
hs15	42242227	42242277	0.025653132
hs15	42211840	42211890	0.027187803
hs15	25930203	25930253	0.029649355
hs15	101514156	101514206	0.033232487
hs15	26108946	26108996	0.033846001
hs15	85360319	85360369	0.039455268
hs16	53468205	53468255	-0.02074923
hs16	3070916	3070966	-0.005192644
hs16	30996564	30996614	-0.000861281
hs16	85933163	85933213	0.021438303
hs16	50351302	50351352	0.027285145
hs16	85945517	85945567	0.028188329
hs16	11946115	11946165	0.031902895
hs17	76732905	76732955	-0.042256421
hs17	30488883	30488933	-0.034453513
hs17	1839469	1839519	-0.017069132
hs17	57784459	57784509	-0.014513711
hs17	48172022	48172072	-0.013897318
hs17	39845949	39845999	-0.013846443
hs17	48183288	48183338	0.019630513
hs17	48767857	48767907	0.020497553
hs17	8467092	8467142	0.024060737
hs17	65237654	65237704	0.024228737
hs17	1863911	1863961	0.026110671
hs17	76719640	76719690	0.027282434
hs17	76719591	76719641	0.028707763
hs17	43318900	43318950	0.040506118
hs17	8382941	8382991	0.047431763
hs18	60646614	60646664	-0.029443908
hs18	55863675	55863725	-0.026968421
hs18	55712976	55713026	-0.006021992
hs18	3066822	3066872	0.016457303
hs18	12254690	12254740	0.023568409
hs18	56059556	56059606	0.047102908
hs19	3185679	3185729	-0.009588541
hs19	44278551	44278601	0.024515079
hs19	44278274	44278324	0.03162625
hs19	44278628	44278678	0.059546
hs2	241373820	241373870	-0.062211921
hs2	218750749	218750799	-0.044962158
hs2	109855574	109855624	-0.036193724
hs2	218769784	218769834	-0.026901224
hs2	110028104	110028154	-0.024458355
hs2	219126018	219126068	-0.017750895
hs2	175259907	175259957	-0.015095307
hs2	203241870	203241920	-0.012414366
hs2	68695071	68695121	-0.004132708
hs2	88354768	88354818	-0.002934371
hs2	203240432	203240482	-0.000305033
hs2	182755044	182755094	0.013285934
hs2	190044638	190044688	0.021296403
hs2	110092156	110092206	0.021720645
hs2	37545307	37545357	0.026771066
hs2	218808652	218808702	0.028687921
hs2	149478494	149478544	0.028909553
hs2	219124271	219124321	0.034498684
hs20	30308956	30309006	-0.037235882
hs20	30309627	30309677	-0.036009934
hs20	35059674	35059724	-0.033420724
hs20	34994314	34994364	-0.018034039
hs20	5988043	5988093	-0.011832449
hs20	45522509	45522559	0.020858671
hs20	6020535	6020585	0.042456934
hs21	16436121	16436171	-0.010103442
hs21	47519444	47519494	0.026889842
hs3	111487811	111487861	-0.042553355
hs3	135702110	135702160	-0.030517684
hs3	138231780	138231830	-0.018167395
hs3	29322823	29322873	-0.018072543
hs3	52479630	52479680	-0.017596882
hs3	108308147	108308197	-0.017026462
hs3	99537053	99537103	-0.015848348
hs3	183354815	183354865	-0.015060083
hs3	111579326	111579376	-0.014362138
hs3	196159654	196159704	-0.010740398
hs3	110791400	110791450	-0.007646874
hs3	180707907	180707957	-0.00493899
hs3	142166789	142166839	-0.003821044
hs3	141725341	141725391	0.008694934
hs3	29355071	29355121	0.015757842
hs3	43327362	43327412	0.016259382
hs3	156009151	156009201	0.016291947
hs3	191046380	191046430	0.018434776
hs3	179384293	179384343	0.020754026
hs3	176773597	176773647	0.022112053
hs3	43327465	43327515	0.025307224
hs3	111603394	111603444	0.026848974
hs3	189700284	189700334	0.027743408
hs3	47066821	47066871	0.030536447
hs3	85792009	85792059	0.033611592
hs3	29447628	29447678	0.034689013
hs3	30045896	30045946	0.043224776
hs3	135864939	135864989	0.044433105
hs3	58380774	58380824	0.051884224
hs3	99639553	99639603	0.054793829
hs4	86874205	86874255	-0.035688171
hs4	15402686	15402736	-0.034676513
hs4	100228660	100228710	-0.032413934
hs4	100274660	100274710	-0.027257776
hs4	123769295	123769345	-0.020926039
hs4	186990202	186990252	-0.008264187
hs4	152120720	152120770	0.015182
hs4	152090378	152090428	0.016316145
hs4	183247161	183247211	0.016700645
hs4	15376129	15376179	0.019827
hs4	15376135	15376185	0.024900039
hs4	54243328	54243378	0.0263265
hs4	148401828	148401878	0.027240237
hs4	15376119	15376169	0.035397579
hs4	54243303	54243353	0.035423368
hs4	72096973	72097023	0.038910092
hs4	15341641	15341691	0.038916921
hs4	144332828	144332878	0.039316697
hs4	148401903	148401953	0.04048375
hs4	15429531	15429581	0.041330789
hs4	144266241	144266291	0.046442776
hs5	171788937	171788987	-0.049441289
hs5	115905922	115905972	-0.04514175
hs5	142357042	142357092	-0.044352421
hs5	111665548	111665598	-0.042742013
hs5	142187317	142187367	-0.038753105
hs5	142382188	142382238	-0.038662013
hs5	140105405	140105455	-0.037771842
hs5	178763419	178763469	-0.036826158
hs5	140592867	140592917	-0.035824632
hs5	142586593	142586643	-0.033742421
hs5	178551628	178551678	-0.033614579
hs5	148208041	148208091	-0.033228974
hs5	178592153	178592203	-0.026103855
hs5	66307391	66307441	-0.022626553
hs5	178569292	178569342	-0.014836276
hs5	115896354	115896404	-0.014598632
hs5	122759586	122759636	-0.012358748
hs5	79950956	79951006	-0.007574861
hs5	142784462	142784512	-0.004598501
hs5	81047486	81047536	-0.001842408
hs5	63461305	63461355	0.020795763
hs5	178594526	178594576	0.023651887
hs5	171830155	171830205	0.025093211
hs5	142422241	142422291	0.030982211
hs5	180479586	180479636	0.032499039
hs5	178683834	178683884	0.035966461
hs6	125334555	125334605	-0.037233145
hs6	144626962	144627012	-0.022399855
hs6	31627313	31627363	-0.019369368
hs6	39902443	39902493	-0.014970459
hs6	7726108	7726158	-0.012661934
hs6	126071099	126071149	-0.012020288
hs6	19837743	19837793	-0.00966712
hs6	13710980	13711030	-0.008989049
hs6	139695356	139695406	-0.003070451
hs6	53394492	53394542	0.009616776
hs6	53375437	53375487	0.009894526
hs6	70507230	70507280	0.014744461
hs6	70507787	70507837	0.027943408
hs6	144508571	144508621	0.040966355
hs7	148724141	148724191	-0.0378535
hs7	140452281	140452331	-0.0257615
hs7	79764888	79764938	-0.009208384
hs7	140625651	140625701	0.014460868
hs7	79802016	79802066	0.016526447
hs7	104752310	104752360	0.020815211
hs7	138144067	138144117	0.021115395
hs7	127991421	127991471	0.021292039
hs7	15727525	15727575	0.024454071
hs7	128482561	128482611	0.028479987
hs7	128471146	128471196	0.030686579
hs7	128472459	128472509	0.031308246
hs7	128471600	128471650	0.036482513
hs8	93029588	93029638	-0.033011
hs8	77594256	77594306	-0.014218305
hs8	134309039	134309089	-0.014115728
hs8	17781352	17781402	-0.012246476
hs8	81947741	81947791	-0.011819026
hs8	90996382	90996432	-0.011223422
hs8	91960827	91960877	-0.010839033
hs8	26240324	26240374	-0.010560526
hs8	117768332	117768382	-0.00736861
hs8	77767937	77767987	0.010846211
hs8	103379529	103379579	0.015327513
hs8	38175609	38175659	0.017358618
hs8	67978573	67978623	0.019803776
hs8	91803670	91803720	0.022412737
hs8	52801982	52802032	0.022919132
hs8	38175544	38175594	0.023333263
hs8	23261967	23262017	0.026013614
hs8	77618893	77618943	0.027139013
hs8	77618819	77618869	0.031788382
hs9	33159025	33159075	-0.036941263
hs9	94123704	94123754	-0.011268076
hs9	94124362	94124412	-0.007352117
hs9	100745139	100745189	-0.005140459
hs9	137660514	137660564	0.017623342
hs9	137719284	137719334	0.027334368
hs9	33140269	33140319	0.027367013
hs9	75568506	75568556	0.027397987
hs9	137693053	137693103	0.036872066
hs9	107525704	107525754	0.045043289
hsX	70447775	70447825	-0.030196961
hsX	19001031	19001081	-0.024094513
hsX	70716073	70716123	-0.020818329
hsX	3234921	3234971	-0.013642961
hsX	128631361	128631411	0.013910303
hsX	18446114	18446164	0.025997053
hsX	34647840	34647890	0.029739421
hsX	53111391	53111441	0.03471875
hsX	43738323	43738373	0.040104013
